Template: NONE
DangerType: None
CeilingDrips: 0
WaveSpeed: 0.4987068
WaveLength: 0.9993534
WaveAmplitude: 0.04844933
SecondWaveLength: 1
SecondWaveAmplitude: 0
Clouds: 1
Grime: 0
RandomItemDensity: 0.2173913
RandomItemSpearChance: 0.2217391
WaterReflectionAlpha: 1
Palette: 39
EffectColorA: 14
EffectColorB: 13
Effects: LavaSurface-0.06521739-64-84, HeatWave-0.3804348-273-197, VoidMelt-0.1195652-20-20, LethalWater-1-300-49, WaterDepth-0-257-149, 
PlacedObjects: LightFixture><388.1655><403.3623><HolyFire~-174.6795~109~49, LightFixture><891.4082><402.3223><HolyFire~40.3205~101~52, 
AmbientSounds: OMNI><AM_SUB-MysticCave1.ogg><408.2601><537.3002><0.5326087><0.9217392, SPOT><SO_NAT-Fire.ogg><833.587><165.6158><0.6630435><1><889.587><404.6158><-219.3553><9.644653><0><0.1, SPOT><SO_SFX-Corrosion.ogg><618.0622><129.4401><0.5><1><617.0622><68.44006><-253.3553><202.6447><0><0.1, OMNI><AM_IND-Midsex01.ogg><663.4136><158.3196><0.5><1, SPOT><SO_NAT-Fire.ogg><703.4395><264.314><0.5><1><388.4395><403.314><181.6447><16.64465><0><0.1, 
Triggers: Spot<tA>event<tB>MusicEvent<eA>songName<eB>na_33 - else2<eA>vol<eB>0.3<eA>prio<eB>0.5<eA>mxThrt<eB>1<eA>loop<eB>0<eA>droneTol<eB>0<eA>rooms<eB>-1<eA>rest<eB>5<eA>fadeIn<eB>0<eA>oneSongPerCycle<eB>0<eA>stopAtDeath<eB>0<eA>stopAtGate<eB>0<tA>multiUse<tB>1<tA>toCycle<tB>-1<tA>fromCycle<tB>0<tA>delay<tB>0<tA>panPos<tB>748.561<tB>405.1905<tA>fireChance<tB>1<tA>entrance<tB>-1<tA>karma<tB>0<tA>slugcats<tB><tA>pos<tB>635.561<tB>389.1905<tA>handlePos<tB>-35.35534<tB>-35.35534, 
FadePalette: 55, 0.5978261
WetTerrain: OFF
