CR_A01: 122.1666><-209.4333><-82.46666><-109.6><0><><48><35
CR_A02: 123.1666><-210.4333><49.53334><-110.6><0><><48><35
CR_A03: 125.1666><-209.4333><181.5333><-116.6><0><><48><35
CR_TEST: -297.8333><85.56663><-192.8667><36.59999><0><><66><42
CR_START: 6.166687><-3.633354><-20.86665><15.6><0><><121><102
OffScreenDen_CR: -78.83328><547.3667><65.13335><284.6><1><><0><0
