Template: NONE
DangerType: None
CeilingDrips: 0
WaveSpeed: 0.4987068
WaveLength: 0.9993534
WaveAmplitude: 0.04844933
SecondWaveLength: 1
SecondWaveAmplitude: 0
Clouds: 1
Grime: 0
RandomItemDensity: 0.2173913
RandomItemSpearChance: 0.2217391
WaterReflectionAlpha: 1
Palette: 39
EffectColorA: 14
EffectColorB: 13
Effects: LavaSurface-1-0-0, HeatWave-0.2065217-273-197, VoidMelt-0.1195652-967-394, LethalWater-1-300-49, WaterDepth-0.0326087-257-149, Brightness-0-0-0, WaterViscosity-0.5-810-517, SilenceWater-1-612-417, SkyBloom-0.3913043-0-0, 
PlacedObjects: LightFixture><408.1655><299.3623><HolyFire~-174.6795~109~49, LightFixture><951.4082><304.3223><HolyFire~101.3206~304~52, LightFixture><89.1118><636.0842><HolyFire~91.3205~61~47, LightFixture><1189.692><678.8048><HolyFire~-257.6794~45~55, KarmaShrine><663.9199><599.4332><-26~22, LightSource><585.4305><58.08615><0.3586957~EffectColor2~-404~11~45~155.6025~0~0~None~0~1, MultiplayerItem><363.4521><270.1942><Rock~356.3205~17~0.3043478, MultiplayerItem><95.44556><362.7919><Spear~17.32051~-10~0.2065217, MultiplayerItem><1247.856><456.1387><Spear~-348.6794~111~0.3043478, MultiplayerItem><591.5509><127.2686><Spear~17.32051~-10~0.3478261, MultiplayerItem><279.0626><121.4399><SporePlant~17.32051~-10~0.3152174, MultiplayerItem><867.8017><246.7759><Rock~79.3205~45~0.3369565, MultiplayerItem><199.1996><252.2373><Rock~217.3205~80~0.2717391, MultiplayerItem><665.312><260.6818><Spear~265.3205~134~0.1086956, MultiplayerItem><124.4447><204.9542><Spear~-32.67949~66~0.1086956, MultiplayerItem><1216.871><202.5973><Spear~-180.6793~223~0.1086956, MultiplayerItem><814.1554><135.1259><ExplosiveSpear~17.32051~-10~0.07608634, MultiplayerItem><490.6994><124.4845><ExplosiveSpear~17.32051~-10~0.07608695, MultiplayerItem><235.9151><128.1129><Bomb~17.32051~-10~0.07608695, MultiplayerItem><1014.606><132.1697><Bomb~17.32051~-10~0.07608695, SawBlade><139.6481><207.1344><100~50~52.5^0~3.695646~1042^-18~0.5, MovingPlatform><93.30429><360.9425><100~50~4^1~10.21659~53^0~0.5, MultiplayerItem><1194.613><421.4149><Spear~17.32051~-10~0.3043478, MultiplayerItem><1193.233><631.6993><Spear~-453.6795~28~0.3369565, 
AmbientSounds: OMNI><AM_SUB-MysticCave1.ogg><408.2601><537.3002><0.5326087><0.9217392, SPOT><SO_NAT-Fire.ogg><833.587><165.6158><0.6630435><1><889.587><404.6158><-219.3553><9.644653><0><0.1, SPOT><SO_SFX-Corrosion.ogg><618.0622><129.4401><0.5><1><617.0622><68.44006><-253.3553><202.6447><0><0.1, OMNI><AM_IND-Midsex01.ogg><663.4136><158.3196><0.5><1, SPOT><SO_NAT-Fire.ogg><703.4395><264.314><0.5><1><388.4395><403.314><181.6447><16.64465><0><0.1, 
Triggers: Spot<tA>event<tB>MusicEvent<eA>songName<eB>na_33 - else2<eA>vol<eB>0.3<eA>prio<eB>0.5<eA>mxThrt<eB>1<eA>loop<eB>0<eA>droneTol<eB>0<eA>rooms<eB>-1<eA>rest<eB>5<eA>fadeIn<eB>0<eA>oneSongPerCycle<eB>0<eA>stopAtDeath<eB>0<eA>stopAtGate<eB>0<tA>multiUse<tB>1<tA>toCycle<tB>-1<tA>fromCycle<tB>0<tA>delay<tB>0<tA>panPos<tB>748.561<tB>405.1905<tA>fireChance<tB>1<tA>entrance<tB>-1<tA>karma<tB>0<tA>slugcats<tB><tA>pos<tB>635.561<tB>389.1905<tA>handlePos<tB>-35.35534<tB>-35.35534, 
FadePalette: 55, 0.8586956
WetTerrain: OFF
